lastAccountName: whoski
timestamps:
  login: 1486846407201
  logout: 1486847398915
  lastteleport: 1486847208632
ipAddress: 81.105.41.89
afk: false
godmode: true
logoutlocation:
  world: world
  x: -770.9264655402757
  y: 63.5
  z: 1298.1625621630646
  yaw: 341.85016
  pitch: 7.65005
lastlocation:
  world: world
  x: 91400.6098917329
  y: 64.0
  z: 88954.02960395845
  yaw: -8.699873
  pitch: 18.15002
