lastAccountName: Hannahls234
timestamps:
  login: 1488829550711
  lastteleport: 1488832608945
  kits:
    tools: 1486853549887
  logout: 1488833145184
ipAddress: 151.226.116.30
lastlocation:
  world: world
  x: 8606.565955297838
  y: 76.0
  z: 88938.81919588533
  yaw: -92.39768
  pitch: -7.649958
afk: false
powertools: {}
money: '5822.879999999998'
logoutlocation:
  world: world
  x: -2242.971656091617
  y: 74.0
  z: 3767.7148484573454
  yaw: 265.20007
  pitch: 9.749983
