world: world
x: 304.70205159055956
y: 66.0
z: 968.8260973753462
yaw: -188.73055
pitch: 52.649982
name: Newspawn
