world: world
x: -730.4631748377665
y: 64.0625
z: 1192.5538399461652
yaw: -353.56897
pitch: 2.3999615
name: spawn
